Within-category average similarities per country (averaged across all countries):
bird: 0.3127268850803375
mammal: 0.2913593351840973
food: 0.35753029584884644
beverages: 0.2844197452068329
clothing: 0.36275169253349304
houses: 0.341320663690567
flower: 0.3410487473011017
fruit: 0.34057608246803284
vegetable: 0.3993507921695709
agriculture: 0.3250536620616913
utensil: 0.318664014339447
sport: 0.2967291474342346
celebrations: 0.3368527889251709
education: 0.22937272489070892
music: 0.33488336205482483
visual-arts: 0.3626243472099304
religion: 0.3857545554637909

Between-country average similarities per category:
bird: 0.3610004484653473
mammal: 0.3592997193336487
food: 0.3778921663761139
beverages: 0.3552883565425873
clothing: 0.3756868243217468
houses: 0.3719210922718048
flower: 0.427604079246521
fruit: 0.4302942752838135
vegetable: 0.46620604395866394
agriculture: 0.3968772292137146
utensil: 0.34152454137802124
sport: 0.3414302170276642
celebrations: 0.3095589280128479
education: 0.26136231422424316
music: 0.3450224995613098
visual-arts: 0.36689141392707825
religion: 0.40323594212532043